$ 1 0.000005 140.81048482046955 50 5 50
165 256 224 368 224 6 8.985647194832438
v 624 304 624 256 0 0 40 9 0 0 0.5
w 320 192 320 128 0
w 320 128 384 128 0
w 384 256 384 128 0
r 192 144 192 224 0 10000
w 192 144 192 128 0
w 192 128 320 128 0
w 192 224 192 256 0
w 192 256 256 256 0
r 192 256 192 320 0 15000
174 192 352 192 416 1 100000 0.47030000000000005 Resistance
w 192 352 192 320 0
w 256 320 256 352 0
w 256 352 256 384 0
w 256 384 208 384 0
209 256 384 256 432 0 0.000001 4.971599954311301 1
c 320 400 320 432 0 0.00001 6
w 320 400 320 384 0
w 528 432 480 432 0
w 320 432 256 432 0
w 352 432 320 432 0
w 352 384 352 432 0
S 480 128 432 128 0 0 false 0 2
w 480 128 544 128 0
w 432 144 384 128 0
r 416 288 416 352 0 680
w 384 288 416 288 0
162 416 352 416 432 2 default-led 1 0 0 0.01
w 416 432 352 432 0
w 624 432 544 432 0
w 544 128 624 128 0
r 480 192 480 240 0 2200
r 480 320 480 368 0 4700
w 480 368 480 416 0
w 480 432 416 432 0
w 480 416 480 432 0
w 480 320 480 288 0
w 416 288 416 192 0
w 416 192 480 192 0
w 480 288 480 240 0
w 480 288 512 288 0
t 512 288 544 288 0 1 0.6259638051926688 0.6899688677797354 100
w 544 432 528 432 0
r 544 128 544 208 0 220.00000000000003
162 544 208 544 272 2 default-led 1 0 0 0.01
w 544 304 544 432 0
w 624 128 624 256 0
w 624 432 624 304 0
